       1
       1
       1
       2
       1
       2
       1
       6
      11
      23
      12
      17
      20
      24
      32
      66
      38
      60
      29
       5
      39
      70
     102
      83
      52
      47
      49
      59
      45
      80
      50
      58
      29
      22
      39
      77
      80
      72
      23
      20
      23
       9
      42
      24
      48
      52
      31
      13
      13
      37
      28
      31
      27
      26
      25
       2
      27
      18
      34
      12
      13
      11
       9
      19
      19
      34
      10
       9
       7
       5
      24
      19
       8
       5
       5
       5
       2
      12
      27
      16
       6
      11
       2
       9
      20
      61
      34
      19
      18
      15
       1
      18
      37
      29
      15
      20
       4
      20
      34
      20
      21
      13
       6
       3
      11
      21
       9
      10
      15
       5
       3
       4
       8
       6
       3
       2
       2
       2
       7
       5
       2
       1
       1
       2
       2
       2
       2
       1
       1
       6
       2
       4
      11
       5
       7
       9
       6
       3
      20
      10
      21
       4
      13
      10
       6
       2
      18
      10
      21
       6
      13
       7
      16
      24
      23
      12
      16
       4
      20
      33
      27
      15
      31
       8
       2
      30
      21
      37
      30
      20
      22
      10
      14
      13
      18
      38
      31
      17
       7
      31
      27
      39
      29
      31
      23
      15
      35
      68
      57
      43
      37
      39
       3
       6
      31
      40
      50
      33
      40
      30
      11
      28
      42
      51
      42
      41
      42
       7
      44
      49
      58
      56
      25
      76
      34
      37
      65
      76
      86
      71
      51
      31
      72
     134
     115
     135
      86
      67
     164
     112
     164
     235
     347
      60
     202
     229
     189
     180
     176
     417
     165
      69
     184
     294
     225
     325
     219
     147
      40
     187
     185
     155
     317
     243
      83
      99
     143
     213
     231
     214
     135
     116
      54
      72
     132
     182
     293
     243
     142
      43
     225
      82
     235
     402
     231
     149
      44
     269
     179
     409
     315
     205
     231
     191
     449
     301
     389
     263
     264
      51
      36
     174
     240
     429
     431
      36
     160
      27
      71
     251
     579
     255
     226
     421
      64
      48
     169
     286
     366
     348
     329
     248
      94
     227
     329
     240
     326
     211
     126
      84
     223
     297
     236
     258
     266
      61
      30
     262
     293
     207
     209
     217
      80
      23
     129
     213
   18322
   18324
   18325
   18327
   18328
   18329
   18330
   18331
   18332
   18333
   18334
   18335
   18336
   18337
   18338
   18339
   18340
   18341
   18342
   18343
   18344
   18345
   18346
   18347
   18348
   18349
   18350
   18351
   18352
   18353
   18354
   18355
   18356
   18357
   18358
   18359
   18360
   18361
   18362
   18363
   18364
   18365
   18366
   18367
   18368
   18369
   18370
   18371
   18372
   18373
   18374
   18375
   18376
   18377
   18378
   18379
   18380
   18381
   18382
   18383
   18384
   18385
   18386
   18387
   18388
   18389
   18390
   18391
   18392
   18393
   18394
   18395
   18396
   18397
   18398
   18399
   18400
   18401
   18402
   18403
   18404
   18405
   18406
   18407
   18408
   18409
   18410
   18411
   18412
   18413
   18414
   18415
   18416
   18417
   18418
   18419
   18420
   18421
   18422
   18423
   18424
   18425
   18426
   18427
   18428
   18429
   18430
   18431
   18432
   18433
   18434
   18435
   18436
   18437
   18438
   18439
   18441
   18442
   18443
   18444
   18445
   18446
   18450
   18451
   18452
   18453
   18457
   18459
   18460
   18461
   18463
   18464
   18465
   18466
   18467
   18468
   18469
   18470
   18471
   18472
   18473
   18474
   18475
   18476
   18477
   18478
   18479
   18480
   18481
   18482
   18483
   18484
   18485
   18486
   18487
   18488
   18489
   18490
   18491
   18492
   18493
   18494
   18495
   18496
   18497
   18498
   18499
   18500
   18501
   18502
   18503
   18504
   18505
   18506
   18507
   18508
   18509
   18510
   18511
   18512
   18513
   18514
   18515
   18516
   18517
   18518
   18519
   18520
   18521
   18522
   18523
   18524
   18525
   18526
   18527
   18528
   18529
   18530
   18531
   18532
   18533
   18534
   18535
   18536
   18537
   18538
   18539
   18540
   18541
   18542
   18543
   18544
   18545
   18546
   18547
   18548
   18549
   18550
   18551
   18552
   18553
   18554
   18555
   18556
   18557
   18558
   18559
   18560
   18561
   18562
   18563
   18564
   18565
   18566
   18567
   18568
   18569
   18570
   18571
   18572
   18573
   18574
   18575
   18576
   18577
   18578
   18579
   18580
   18581
   18582
   18583
   18584
   18585
   18586
   18587
   18588
   18589
   18590
   18591
   18592
   18593
   18594
   18595
   18596
   18597
   18598
   18599
   18600
   18601
   18602
   18603
   18604
   18605
   18606
   18607
   18608
   18609
   18610
   18611
   18612
   18613
   18614
   18615
   18616
   18617
   18618
   18619
   18620
   18621
   18622
   18623
   18624
   18625
   18626
   18627
   18628
   18629
   18630
   18631
   18632
   18633
   18634
   18635
   18636
   18637
   18638
   18639
   18640
   18641
   18642
   18643
   18644
   18645
   18646
   18647
   18648
   18649
   18650
   18651
   18652
   18653
   18654
   18655
   18656
   18657
   18658
   18659
   18660
   18661
   18662
   18663
   18664
   18665
   18666
   18667
   18668
